352	FT911-91	1	0.148856
352	FT911-3246	2	0.133192
352	FT911-3973	3	0.122931
352	FT911-4569	4	0.116073
352	FT911-428	5	0.113301
352	FT911-4348	6	0.110708
352	FT911-5193	7	0.103707
352	FT911-2046	8	0.103690
352	FT911-3866	9	0.103443
352	FT911-4701	10	0.099605
352	FT911-3259	11	0.099226
352	FT911-4561	12	0.098770
352	FT911-437	13	0.098745
352	FT911-5096	14	0.097536
352	FT911-5293	15	0.094588
352	FT911-3917	16	0.093922
352	FT911-1087	17	0.091595
352	FT911-2222	18	0.089306
352	FT911-908	19	0.088944
352	FT911-5249	20	0.087824
352	FT911-4856	21	0.087231
352	FT911-5238	22	0.086889
352	FT911-3886	23	0.085757
352	FT911-3278	24	0.084636
352	FT911-1280	25	0.083875
352	FT911-3772	26	0.083866
352	FT911-5179	27	0.081636
352	FT911-3106	28	0.080873
352	FT911-1265	29	0.079731
352	FT911-1868	30	0.079150
352	FT911-5051	31	0.078778
352	FT911-2714	32	0.078238
352	FT911-3853	33	0.078116
352	FT911-1122	34	0.077820
352	FT911-2549	35	0.077533
352	FT911-2267	36	0.077200
352	FT911-3258	37	0.076535
352	FT911-5072	38	0.075898
352	FT911-1031	39	0.075663
352	FT911-2117	40	0.075646
352	FT911-5356	41	0.075282
352	FT911-4575	42	0.075193
352	FT911-3922	43	0.075012
352	FT911-1198	44	0.074554
352	FT911-328	45	0.074423
352	FT911-5248	46	0.074241
352	FT911-3356	47	0.073397
352	FT911-2332	48	0.073246
352	FT911-2618	49	0.073230
352	FT911-5239	50	0.072676
352	FT911-610	51	0.072356
352	FT911-2605	52	0.071810
352	FT911-4798	53	0.071656
352	FT911-2510	54	0.071560
352	FT911-3767	55	0.071325
352	FT911-1768	56	0.071309
352	FT911-1563	57	0.071025
352	FT911-417	58	0.070829
352	FT911-4818	59	0.070823
352	FT911-721	60	0.070781
352	FT911-1114	61	0.070657
352	FT911-2306	62	0.070150
352	FT911-1174	63	0.069747
352	FT911-4120	64	0.069461
352	FT911-1384	65	0.069078
352	FT911-3720	66	0.068825
352	FT911-2315	67	0.068774
352	FT911-5231	68	0.068577
352	FT911-1362	69	0.067730
352	FT911-1766	70	0.067404
352	FT911-2740	71	0.067402
352	FT911-3132	72	0.067071
352	FT911-802	73	0.066843
352	FT911-4837	74	0.066719
352	FT911-783	75	0.066163
352	FT911-3618	76	0.066063
352	FT911-2126	77	0.065960
352	FT911-4319	78	0.065890
352	FT911-1305	79	0.065338
352	FT911-2755	80	0.064867
352	FT911-1582	81	0.064597
352	FT911-460	82	0.064466
352	FT911-133	83	0.064434
352	FT911-3635	84	0.063927
352	FT911-520	85	0.063898
352	FT911-3370	86	0.063719
352	FT911-4606	87	0.063515
352	FT911-3135	88	0.063366
352	FT911-3858	89	0.063009
352	FT911-2751	90	0.062455
352	FT911-3393	91	0.062204
352	FT911-2644	92	0.062117
352	FT911-3241	93	0.061661
352	FT911-3921	94	0.061480
352	FT911-4959	95	0.061328
352	FT911-2648	96	0.061175
352	FT911-3665	97	0.061044
352	FT911-2451	98	0.061007
352	FT911-4814	99	0.060945
352	FT911-1529	100	0.060934
353	FT911-122	1	0.340600
353	FT911-558	2	0.293868
353	FT911-1769	3	0.290669
353	FT911-4348	4	0.202233
353	FT911-4349	5	0.189546
353	FT911-4151	6	0.160570
353	FT911-4931	7	0.149584
353	FT911-4261	8	0.132247
353	FT911-826	9	0.128382
353	FT911-3327	10	0.108462
353	FT911-81	11	0.105698
353	FT911-774	12	0.100333
353	FT911-2897	13	0.098249
353	FT911-4855	14	0.095403
353	FT911-4505	15	0.093000
353	FT911-1611	16	0.091678
353	FT911-2287	17	0.091192
353	FT911-3699	18	0.091016
353	FT911-601	19	0.088653
353	FT911-4332	20	0.087486
353	FT911-1562	21	0.081560
353	FT911-2315	22	0.081370
353	FT911-4139	23	0.079419
353	FT911-3129	24	0.079146
353	FT911-1955	25	0.079107
353	FT911-1263	26	0.077893
353	FT911-1301	27	0.077637
353	FT911-5042	28	0.077110
353	FT911-5024	29	0.077027
353	FT911-3209	30	0.075094
353	FT911-1383	31	0.074663
353	FT911-1958	32	0.074378
353	FT911-428	33	0.074165
353	FT911-4371	34	0.072583
353	FT911-4701	35	0.072042
353	FT911-2288	36	0.071966
353	FT911-5062	37	0.071889
353	FT911-1098	38	0.071603
353	FT911-3615	39	0.071474
353	FT911-309	40	0.071340
353	FT911-3027	41	0.070376
353	FT911-4902	42	0.069345
353	FT911-4686	43	0.067552
353	FT911-5190	44	0.067388
353	FT911-5328	45	0.066910
353	FT911-678	46	0.066667
353	FT911-5253	47	0.064680
353	FT911-4919	48	0.063941
353	FT911-150	49	0.063802
353	FT911-4398	50	0.063691
353	FT911-1349	51	0.062216
353	FT911-825	52	0.062124
353	FT911-3267	53	0.061803
353	FT911-3478	54	0.061387
353	FT911-1450	55	0.060424
353	FT911-3973	56	0.060216
353	FT911-5319	57	0.059929
353	FT911-2301	58	0.058452
353	FT911-3206	59	0.056759
353	FT911-932	60	0.056108
353	FT911-205	61	0.055110
353	FT911-2534	62	0.054991
353	FT911-1031	63	0.053877
353	FT911-846	64	0.053818
353	FT911-4810	65	0.053231
353	FT911-456	66	0.052623
353	FT911-2	67	0.052560
353	FT911-3153	68	0.051190
353	FT911-348	69	0.050992
353	FT911-4406	70	0.050597
353	FT911-2523	71	0.050242
353	FT911-2202	72	0.049353
353	FT911-3318	73	0.049199
353	FT911-2558	74	0.048942
353	FT911-1944	75	0.048345
353	FT911-4633	76	0.047803
353	FT911-1943	77	0.047475
353	FT911-1822	78	0.046741
353	FT911-2029	79	0.046399
353	FT911-2358	80	0.046115
353	FT911-3087	81	0.046038
353	FT911-1038	82	0.046028
353	FT911-3917	83	0.045943
353	FT911-3866	84	0.045851
353	FT911-5245	85	0.045380
353	FT911-2313	86	0.045251
353	FT911-571	87	0.045104
353	FT911-4046	88	0.044317
353	FT911-1269	89	0.044306
353	FT911-1890	90	0.044279
353	FT911-1257	91	0.044222
353	FT911-1601	92	0.044215
353	FT911-2187	93	0.044197
353	FT911-4272	94	0.043948
353	FT911-4861	95	0.043768
353	FT911-1631	96	0.043694
353	FT911-3332	97	0.042737
353	FT911-339	98	0.042582
353	FT911-3888	99	0.042280
353	FT911-819	100	0.042193
354	FT911-4783	1	0.279260
354	FT911-885	2	0.267577
354	FT911-3514	3	0.221996
354	FT911-2786	4	0.215012
354	FT911-1588	5	0.163845
354	FT911-4804	6	0.163843
354	FT911-1288	7	0.161791
354	FT911-1702	8	0.161423
354	FT911-1900	9	0.155054
354	FT911-4633	10	0.122158
354	FT911-1705	11	0.120426
354	FT911-1293	12	0.115750
354	FT911-2977	13	0.115637
354	FT911-115	14	0.114602
354	FT911-4080	15	0.105585
354	FT911-230	16	0.103687
354	FT911-1585	17	0.099216
354	FT911-5245	18	0.098874
354	FT911-3494	19	0.098249
354	FT911-1374	20	0.096305
354	FT911-5046	21	0.090426
354	FT911-563	22	0.090334
354	FT911-5224	23	0.083308
354	FT911-428	24	0.080129
354	FT911-4740	25	0.079785
354	FT911-5207	26	0.077162
354	FT911-318	27	0.073728
354	FT911-1949	28	0.073385
354	FT911-429	29	0.069391
354	FT911-1587	30	0.069343
354	FT911-2646	31	0.069322
354	FT911-477	32	0.066907
354	FT911-4358	33	0.064556
354	FT911-1908	34	0.063979
354	FT911-4530	35	0.063886
354	FT911-4277	36	0.063278
354	FT911-1568	37	0.062717
354	FT911-667	38	0.062593
354	FT911-10	39	0.061267
354	FT911-276	40	0.060684
354	FT911-4569	41	0.060631
354	FT911-2686	42	0.060065
354	FT911-818	43	0.060003
354	FT911-3751	44	0.059794
354	FT911-4344	45	0.059723
354	FT911-2049	46	0.059555
354	FT911-1085	47	0.058739
354	FT911-232	48	0.058354
354	FT911-3976	49	0.057938
354	FT911-3688	50	0.057338
354	FT911-5214	51	0.057276
354	FT911-4782	52	0.057198
354	FT911-195	53	0.056982
354	FT911-1704	54	0.056556
354	FT911-1668	55	0.056288
354	FT911-3675	56	0.055828
354	FT911-213	57	0.055469
354	FT911-7	58	0.054324
354	FT911-460	59	0.053266
354	FT911-3364	60	0.052752
354	FT911-3917	61	0.052648
354	FT911-2317	62	0.052584
354	FT911-2618	63	0.052275
354	FT911-3973	64	0.052048
354	FT911-2436	65	0.051539
354	FT911-905	66	0.050806
354	FT911-4650	67	0.050769
354	FT911-3733	68	0.050283
354	FT911-4561	69	0.050081
354	FT911-862	70	0.050053
354	FT911-4348	71	0.049402
354	FT911-2812	72	0.049366
354	FT911-4380	73	0.049252
354	FT911-2079	74	0.049185
354	FT911-5265	75	0.048663
354	FT911-4603	76	0.048150
354	FT911-4755	77	0.047565
354	FT911-2444	78	0.047291
354	FT911-362	79	0.047126
354	FT911-5178	80	0.046577
354	FT911-4757	81	0.046141
354	FT911-3176	82	0.045917
354	FT911-4137	83	0.045609
354	FT911-1235	84	0.045407
354	FT911-1128	85	0.045263
354	FT911-4575	86	0.044817
354	FT911-2300	87	0.044729
354	FT911-1265	88	0.044492
354	FT911-90	89	0.044348
354	FT911-198	90	0.044199
354	FT911-2299	91	0.043557
354	FT911-5289	92	0.043003
354	FT911-3866	93	0.042971
354	FT911-5229	94	0.042936
354	FT911-3555	95	0.042811
354	FT911-4856	96	0.042571
354	FT911-2912	97	0.042442
354	FT911-2989	98	0.042369
354	FT911-4272	99	0.042299
354	FT911-4655	100	0.042274
359	FT911-4650	1	0.262000
359	FT911-428	2	0.198726
359	FT911-2712	3	0.170966
359	FT911-391	4	0.151190
359	FT911-4645	5	0.147791
359	FT911-4641	6	0.134594
359	FT911-3973	7	0.132488
359	FT911-4652	8	0.131903
359	FT911-4656	9	0.117608
359	FT911-2520	10	0.117146
359	FT911-2046	11	0.116085
359	FT911-4655	12	0.114830
359	FT911-515	13	0.111813
359	FT911-1899	14	0.111728
359	FT911-2711	15	0.108856
359	FT911-4640	16	0.108572
359	FT911-3917	17	0.106693
359	FT911-548	18	0.105527
359	FT911-2983	19	0.103409
359	FT911-4648	20	0.102944
359	FT911-3000	21	0.101947
359	FT911-4283	22	0.101509
359	FT911-2342	23	0.101317
359	FT911-1265	24	0.100955
359	FT911-4649	25	0.098390
359	FT911-1517	26	0.098342
359	FT911-4575	27	0.097569
359	FT911-4654	28	0.095344
359	FT911-1897	29	0.095280
359	FT911-4644	30	0.094234
359	FT911-5129	31	0.093893
359	FT911-4647	32	0.093241
359	FT911-5231	33	0.092403
359	FT911-4642	34	0.091683
359	FT911-1211	35	0.090035
359	FT911-4569	36	0.089933
359	FT911-4646	37	0.087989
359	FT911-90	38	0.086412
359	FT911-4679	39	0.084527
359	FT911-5051	40	0.083656
359	FT911-5244	41	0.081830
359	FT911-2469	42	0.081410
359	FT911-4651	43	0.080461
359	FT911-4856	44	0.080323
359	FT911-4024	45	0.079723
359	FT911-2276	46	0.079126
359	FT911-314	47	0.078699
359	FT911-1369	48	0.078691
359	FT911-594	49	0.078345
359	FT911-2982	50	0.077523
359	FT911-3979	51	0.077329
359	FT911-2017	52	0.077299
359	FT911-2465	53	0.076721
359	FT911-4488	54	0.076022
359	FT911-1819	55	0.074968
359	FT911-618	56	0.074888
359	FT911-5238	57	0.073395
359	FT911-3260	58	0.073273
359	FT911-4959	59	0.072812
359	FT911-2087	60	0.072332
359	FT911-4206	61	0.071804
359	FT911-1082	62	0.071677
359	FT911-4837	63	0.071398
359	FT911-2997	64	0.071126
359	FT911-3494	65	0.070594
359	FT911-4643	66	0.070100
359	FT911-202	67	0.069469
359	FT911-341	68	0.069021
359	FT911-2222	69	0.068144
359	FT911-3094	70	0.066337
359	FT911-721	71	0.066288
359	FT911-4264	72	0.065909
359	FT911-3235	73	0.065209
359	FT911-4095	74	0.063141
359	FT911-5120	75	0.062937
359	FT911-559	76	0.061634
359	FT911-4319	77	0.061213
359	FT911-2923	78	0.061194
359	FT911-2219	79	0.060400
359	FT911-2672	80	0.060138
359	FT911-3242	81	0.059932
359	FT911-3149	82	0.059429
359	FT911-4722	83	0.058727
359	FT911-1282	84	0.058681
359	FT911-1242	85	0.058594
359	FT911-4787	86	0.058153
359	FT911-3013	87	0.057976
359	FT911-2644	88	0.057563
359	FT911-1542	89	0.057428
359	FT911-4976	90	0.057332
359	FT911-3191	91	0.057326
359	FT911-595	92	0.057273
359	FT911-3153	93	0.057018
359	FT911-3276	94	0.056263
359	FT911-3643	95	0.056095
359	FT911-4288	96	0.055409
359	FT911-4653	97	0.055188
359	FT911-5086	98	0.054995
359	FT911-5293	99	0.054979
359	FT911-5059	100	0.054638
